1567651807
1569759786
1570444805
1571485564
1572031423
1574295222
1574659781
1575555500
1576413979
1577987858
1578891417
1579037436
1579067815
1579466674
1579620533
1579660712
1579669531
1579718530
1579789089
1579807708
1579834167
1579846906
1579848865
1579862584
1579893943
1579899822
1579905701
1582364520
1585398599
1585631838
1586553037
1586916616
1588671795
1589270574
1589370533
1589842892
1590624931
1590936570
1591073769
1591145308
1591353067
1591493206
1591631385
1591692144
1591919503
1592037102
1592046901
1592093940
1592111579
1592119418
1592123337
1592130196
1592132155
1592132155
1592143914
1592145873
1592145873
1592145873
1592146852
1592153711
1592159590
1593847149
1597330068
1597799487
1598912766
